Simulation Type = ArnoldCHT_AL
step size = 0.1
pop size = 24
p4 treatment = None
git commit = f9333e5-dirty
features = al_tol_schedule=[3585, 100.0, 100, 250], psucc_sentinel_as_failure=True
time taken = 128973.96005368233
Number of generations = 500
Current Time = 2026-09-12 03:40:00
Number of individuals that produced no hold time = 2
Fixer Count = 0
****************************************************************************************************
INITIAL POPULATION:
Percent Helium |Driver Pressure (MPa) | p4 (MPa) | Throat Diameter (mm) | Reservoir Pressure (MPa) | Buffer Length (mm)
    70.4372    |        0.14213          27.3383  |        82.2004        |          7.11884                 126.16       
    75.7213    |        0.01076          4.9888  |        52.2402        |          5.015                141.569      
    86.701    |        0.07839          14.0285  |        79.167        |          7.3252                98.5791      
    98.1123    |        0.02026          3.5704  |        81.6854        |          2.12153                 50.794       
    96.618    |        0.16484          21.2749  |        77.2994        |          4.96379                 70.813       
    94.4091    |        0.02813          10.1315  |        58.2435        |          6.99952                61.6536      
    82.9031    |        0.05831          20.1388  |        84.1096        |          4.70289                104.644      
    83.2216    |        0.17771          5.21254  |        79.2281        |          4.10882                91.6061      
    89.6701    |        0.07017          22.3444  |        81.001        |          6.39151                140.726      
    71.1494    |        0.09174          35.2807  |        76.087        |          5.48717                104.769      
    76.8736    |        0.06119          7.60742  |        59.4558        |          7.43344                 114.32       
    85.5815    |        0.02725          4.25995  |        67.5165        |          5.25397                69.7732      
    75.0249    |        0.13397          18.9552  |        80.0867        |          6.19975                83.9495      
    97.487    |        0.37573          7.21878  |        77.9322        |          7.60612                127.523      
    91.5183    |        0.16831          33.7808  |        66.9498        |          7.16644                60.1622      
    91.9546    |        0.01379          7.72261  |        62.5206        |          1.86677                67.6812      
    97.3442    |        0.10907          31.9365  |        70.0847        |          6.55692                 98.258       
    86.9089    |        0.20306          11.5188  |        84.1633        |          7.97355                111.421      
    78.3501    |        0.04485          26.317  |        78.2885        |          5.62525                62.4968      
    93.7277    |        0.15132          15.2937  |        82.8431        |          5.8826                113.023      
    81.7695    |        0.00195          0.49685  |        73.5455        |          6.76072                127.004      
    99.1873    |        0.04165          23.3536  |        51.6227        |          7.81309                103.826      
    88.1887    |        0.0897          21.4951  |        71.7721        |          7.38828                68.2581      
    72.5842    |        0.0253          14.7691  |        72.1396        |          7.16771                106.285      

Driver Hold Time (ms) | Piston Impact Speed (m/s)
0.99  45.0739
0.0  245.095
0.13999999999999999  171.104
0.05  145.05
0.31  60.8752
0.08  234.162
0.09000000000000001  144.124
0.7200000000000001  35.7983
0.25999999999999995  182.527
0.0  350.0
0.13999999999999999  207.828
0.12999999999999998  216.364
0.27999999999999997  38.6092
0.0  350.0
0.0  71.8438
0.11  140.124
0.55  28.0954
0.15  18.7382
0.06999999999999999  165.858
0.32  13.5071
0.19  280.612
0.17  235.735
0.13999999999999999  102.519
0.12999999999999998  252.458

****************************************************************************************************
FINAL POPULATION:
Percent Helium | Driver Pressure (MPa) | p4 (MPa) | Throat Diameter (mm) | Reservoir Pressure (MPa) | Buffer length (mm)
    98.6708    |        0.2268          12.6708  |        82.5989        |          7.19388                114.186      
    98.3826    |        0.21966          12.9996  |        82.2805        |          7.18795                112.888      
    98.3316    |        0.21834          13.1078  |        82.3245        |          7.20372                113.051      
    98.289    |        0.21424          13.4633  |        82.4151        |          7.16397                112.998      
    97.0644    |        0.18054          13.2701  |        82.4758        |          6.09768                116.305      
    96.9719    |        0.17944          13.4913  |        82.4128        |          6.14317                115.824      
    96.7881    |        0.17822          13.9105  |        82.5123        |          6.23928                115.252      
    96.4247    |        0.17506          14.3116  |        82.6863        |          6.26512                115.254      
    96.1769    |        0.17283          15.1662  |        82.1919        |          6.45676                113.599      
    96.1816    |        0.173          15.7035  |        81.3513        |          6.61499                116.335      
    96.0201    |        0.17243          15.8901  |        81.2661        |          6.62305                  116.4        
    95.935    |        0.1698          16.4302  |        80.9452        |          6.73791                116.865      
    95.8577    |        0.16944          16.7017  |        80.968        |          6.74922                 116.97       
    95.4917    |        0.16662          17.1245  |        80.6601        |          6.76171                116.779      
    95.3581    |        0.16546          17.3207  |        80.4244        |          6.76422                118.501      
    95.2898    |        0.16491          17.5365  |        80.3129        |          6.78922                119.897      
    94.7482    |        0.16004          18.0326  |        80.2778        |          6.73079                118.347      
    94.5145    |        0.1588          18.4599  |        80.3041        |          6.71704                118.691      
    94.1147    |        0.15314          19.1451  |        79.9228        |          6.66279                119.401      
    93.8031    |        0.15194          19.4036  |        79.8652        |          6.66782                119.134      
    93.4709    |        0.1516          19.8864  |        79.7582        |          6.71331                120.323      
    93.0468    |        0.1491          20.3245  |        79.5705        |          6.70876                121.219      
    93.1036    |        0.14983          20.532  |        79.7865        |          6.706                121.306      
    93.0138    |        0.1485          21.2773  |        79.5398        |          6.68185                121.367      

Driver Hold Time (ms) | Piston Impact Speed (m/s)
2.11  31.591
2.06  30.1262
2.02  29.8398
1.83  29.6508
1.71  23.3243
1.6900000000000002  22.9753
1.65  22.2268
1.6  20.9646
1.5299999999999998  19.7299
1.51  18.3013
1.49  17.6577
1.46  16.6652
1.4300000000000002  16.206
1.39  14.3643
1.38  13.2452
1.36  12.4419
1.32  10.8639
1.26  9.98059
1.21  12.7774
1.21  9.71336
1.1800000000000002  9.62025
1.13  16.7893
1.1199999999999999  3.63271
1.05  8.62665
