Simulation Type = ArnoldCHT_AL
step size = 0.1
pop size = 24
p4 treatment = None
git commit = 89f4ebc-dirty
features = al_tol_schedule=[3585, 100.0, 100, 250], psucc_sentinel_as_failure=True
time taken = 116818.39259266853
Number of generations = 500
Current Time = 2026-09-19 06:07:50
Number of individuals that produced no hold time = 1
Fixer Count = 0
****************************************************************************************************
INITIAL POPULATION:
Percent Helium |Driver Pressure (MPa) | p4 (MPa) | Throat Diameter (mm) | Reservoir Pressure (MPa) | Buffer Length (mm)
    70.4372    |        0.14213          27.3383  |        82.2004        |          7.11884                 126.16       
    75.7213    |        0.01076          4.9888  |        52.2402        |          5.015                141.569      
    86.701    |        0.07839          14.0285  |        79.167        |          7.3252                98.5791      
    98.1123    |        0.02026          3.5704  |        81.6854        |          2.12153                 50.794       
    96.618    |        0.16484          21.2749  |        77.2994        |          4.96379                 70.813       
    94.4091    |        0.02813          10.1315  |        58.2435        |          6.99952                61.6536      
    82.9031    |        0.05831          20.1388  |        84.1096        |          4.70289                104.644      
    83.2216    |        0.17771          5.21254  |        79.2281        |          4.10882                91.6061      
    89.6701    |        0.07017          22.3444  |        81.001        |          6.39151                140.726      
    71.1494    |        0.09174          35.2807  |        76.087        |          5.48717                104.769      
    76.8736    |        0.06119          7.60742  |        59.4558        |          7.43344                 114.32       
    85.5815    |        0.02725          4.25995  |        67.5165        |          5.25397                69.7732      
    75.0249    |        0.13397          18.9552  |        80.0867        |          6.19975                83.9495      
    97.487    |        0.37573          7.21878  |        77.9322        |          7.60612                127.523      
    91.5183    |        0.16831          33.7808  |        66.9498        |          7.16644                60.1622      
    91.9546    |        0.01379          7.72261  |        62.5206        |          1.86677                67.6812      
    97.3442    |        0.10907          31.9365  |        70.0847        |          6.55692                 98.258       
    86.9089    |        0.20306          11.5188  |        84.1633        |          7.97355                111.421      
    78.3501    |        0.04485          26.317  |        78.2885        |          5.62525                62.4968      
    93.7277    |        0.15132          15.2937  |        82.8431        |          5.8826                113.023      
    81.7695    |        0.00195          0.49685  |        73.5455        |          6.76072                127.004      
    99.1873    |        0.04165          23.3536  |        51.6227        |          7.81309                103.826      
    88.1887    |        0.0897          21.4951  |        71.7721        |          7.38828                68.2581      
    72.5842    |        0.0253          14.7691  |        72.1396        |          7.16771                106.285      

Driver Hold Time (ms) | Piston Impact Speed (m/s)
0.99  45.0739
0.0  245.095
0.13999999999999999  171.104
0.05  145.05
0.31  60.8752
0.08  234.162
0.09000000000000001  144.124
0.7200000000000001  35.7983
0.25999999999999995  182.527
0.0  350.0
0.13999999999999999  207.828
0.12999999999999998  216.364
0.27999999999999997  38.6092
0.83  47.0515
0.0  71.8438
0.11  140.124
0.55  28.0954
0.42000000000000004  18.7382
0.06999999999999999  165.858
0.32  13.5071
0.19  280.612
0.17  235.735
0.13999999999999999  102.519
0.12999999999999998  252.458

****************************************************************************************************
FINAL POPULATION:
Percent Helium | Driver Pressure (MPa) | p4 (MPa) | Throat Diameter (mm) | Reservoir Pressure (MPa) | Buffer length (mm)
    95.9706    |        0.17007          12.383  |        83.824        |          5.53149                110.149      
    95.7927    |        0.16651          12.65  |        83.837        |          5.55564                 110.87       
    95.8302    |        0.16732          12.733  |        83.8355        |          5.59629                113.656      
    95.6762    |        0.16532          12.8788  |        83.7989        |          5.59433                113.496      
    95.512    |        0.16368          12.9885  |        83.7756        |          5.57804                113.613      
    95.1356    |        0.16141          13.2439  |        83.5074        |          5.5588                113.532      
    94.7441    |        0.15866          13.4779  |        83.988        |          5.54577                114.405      
    94.5029    |        0.15717          13.7981  |        83.6783        |          5.57158                115.156      
    94.3076    |        0.15556          13.893  |        83.4755        |          5.54354                115.572      
    93.9561    |        0.15328          14.1526  |        83.136        |          5.51641                115.675      
    93.7506    |        0.15098          14.3252  |        82.9125        |          5.48786                 116.06       
    93.625    |        0.14884          14.5218  |        82.7741        |          5.48974                116.017      
    93.4859    |        0.14896          14.6516  |        82.6178        |          5.48612                116.193      
    93.5286    |        0.15191          15.1787  |        84.5892        |          5.69244                118.218      
    93.1051    |        0.14758          15.8751  |        84.2808        |          5.75648                114.861      
    92.7334    |        0.14634          16.094  |        84.6883        |          5.74241                115.339      
    92.409    |        0.1444          16.4441  |        84.4823        |          5.75855                115.444      
    92.0901    |        0.14342          16.6522  |        84.5538        |          5.75088                115.839      
    91.0294    |        0.13635          16.8958  |        84.6027        |          5.55338                114.781      
    90.7437    |        0.13466          17.0693  |        84.6604        |          5.52853                114.806      
    90.6684    |        0.13467          17.3311  |        84.7242        |          5.56468                115.339      
    90.3948    |        0.13381          17.5902  |        84.7197        |          5.56383                115.357      
     90.19     |        0.13257          17.7926  |        84.7545        |          5.53076                115.744      
    89.8834    |        0.13136          17.8163  |        84.8467        |          5.52643                115.433      

Driver Hold Time (ms) | Piston Impact Speed (m/s)
1.75  22.8511
1.73  21.6719
0.82  21.2434
1.7  20.7476
1.6700000000000002  20.2338
1.65  19.0462
1.61  17.8816
1.57  16.8666
1.57  16.1789
0.64  15.0142
1.52  14.2925
0.7200000000000001  14.3438
1.46  13.319
1.4  13.2848
1.34  12.2785
0.63  11.5113
1.2899999999999998  10.2803
0.6  9.17183
0.46  9.21878
0.46  9.27882
1.1800000000000002  7.21406
1.13  8.37514
1.1199999999999999  6.68194
0.49  6.78439
