Simulation Type = ArnoldCHT_AL
step size = 0.1
pop size = 24
p4 treatment = None
git commit = 89f4ebc-dirty
features = al_tol_schedule=[3585, 100.0, 100, 250], psucc_sentinel_as_failure=True
time taken = 150222.36285090446
Number of generations = 500
Current Time = 2026-09-23 22:38:29
Number of individuals that produced no hold time = 1
Fixer Count = 0
****************************************************************************************************
INITIAL POPULATION:
Percent Helium |Driver Pressure (MPa) | p4 (MPa) | Throat Diameter (mm) | Reservoir Pressure (MPa) | Buffer Length (mm)
    70.4372    |        0.14213          27.3383  |        82.2004        |          7.11884                 126.16       
    75.7213    |        0.01076          4.9888  |        52.2402        |          5.015                141.569      
    86.701    |        0.07839          14.0285  |        79.167        |          7.3252                98.5791      
    98.1123    |        0.02026          3.5704  |        81.6854        |          2.12153                 50.794       
    96.618    |        0.16484          21.2749  |        77.2994        |          4.96379                 70.813       
    94.4091    |        0.02813          10.1315  |        58.2435        |          6.99952                61.6536      
    82.9031    |        0.05831          20.1388  |        84.1096        |          4.70289                104.644      
    83.2216    |        0.17771          5.21254  |        79.2281        |          4.10882                91.6061      
    89.6701    |        0.07017          22.3444  |        81.001        |          6.39151                140.726      
    71.1494    |        0.09174          35.2807  |        76.087        |          5.48717                104.769      
    76.8736    |        0.06119          7.60742  |        59.4558        |          7.43344                 114.32       
    85.5815    |        0.02725          4.25995  |        67.5165        |          5.25397                69.7732      
    75.0249    |        0.13397          18.9552  |        80.0867        |          6.19975                83.9495      
    97.487    |        0.37573          7.21878  |        77.9322        |          7.60612                127.523      
    91.5183    |        0.16831          33.7808  |        66.9498        |          7.16644                60.1622      
    91.9546    |        0.01379          7.72261  |        62.5206        |          1.86677                67.6812      
    97.3442    |        0.10907          31.9365  |        70.0847        |          6.55692                 98.258       
    86.9089    |        0.20306          11.5188  |        84.1633        |          7.97355                111.421      
    78.3501    |        0.04485          26.317  |        78.2885        |          5.62525                62.4968      
    93.7277    |        0.15132          15.2937  |        82.8431        |          5.8826                113.023      
    81.7695    |        0.00195          0.49685  |        73.5455        |          6.76072                127.004      
    99.1873    |        0.04165          23.3536  |        51.6227        |          7.81309                103.826      
    88.1887    |        0.0897          21.4951  |        71.7721        |          7.38828                68.2581      
    72.5842    |        0.0253          14.7691  |        72.1396        |          7.16771                106.285      

Driver Hold Time (ms) | Piston Impact Speed (m/s)
0.99  45.0739
0.0  245.095
0.13999999999999999  171.104
0.05  145.05
0.31  60.8752
0.08  234.162
0.09000000000000001  144.124
0.7200000000000001  35.7983
0.25999999999999995  182.527
0.0  350.0
0.13999999999999999  207.828
0.12999999999999998  216.364
0.27999999999999997  38.6092
0.83  47.0515
0.0  71.8438
0.11  140.124
0.55  28.0954
0.42000000000000004  18.7382
0.06999999999999999  165.858
0.32  13.5071
0.19  280.612
0.17  235.735
0.13999999999999999  102.519
0.12999999999999998  252.458

****************************************************************************************************
FINAL POPULATION:
Percent Helium | Driver Pressure (MPa) | p4 (MPa) | Throat Diameter (mm) | Reservoir Pressure (MPa) | Buffer length (mm)
    99.133    |        0.20174          12.2239  |        78.8868        |          6.35225                130.092      
    98.9227    |        0.19917          12.385  |        78.9105        |          6.32676                 129.92       
    98.7905    |        0.19603          12.7003  |        78.9069        |          6.34614                129.659      
    98.149    |        0.19109          13.1465  |        79.6001        |          6.37333                130.359      
    97.6209    |        0.18633          13.8304  |        79.2534        |          6.44175                129.216      
    97.4099    |        0.18431          14.0287  |        79.1337        |          6.43065                129.435      
    97.1718    |        0.18324          14.3215  |        79.6723        |          6.47863                128.695      
    96.7911    |        0.17905          15.0018  |        79.6293        |          6.55938                127.137      
    96.5097    |        0.17727          15.4128  |        79.8135        |          6.60516                127.229      
    96.293    |        0.17465          15.7093  |        79.8145        |          6.6143                127.241      
    96.0555    |        0.17297          16.02  |        79.8842        |          6.63035                127.154      
    95.8601    |        0.17143          16.4975  |        80.0362        |          6.70785                126.929      
    95.6412    |        0.16987          16.8765  |        80.1256        |          6.74015                126.717      
    95.443    |        0.16849          17.2965  |        80.2021        |          6.78621                126.418      
    95.2778    |        0.16733          17.9315  |        80.1512        |          6.8433                125.429      
    95.0604    |        0.16422          18.7655  |        80.2301        |          6.8308                125.429      
    94.6918    |        0.16194          19.2662  |        80.3746        |          6.89998                 125.17       
    94.4906    |        0.15978          20.2252  |        80.4279        |          6.90804                124.701      
    83.8036    |        0.06541          15.1179  |        77.0506        |          2.97531                72.8784      
    84.0252    |        0.06662          15.465  |        76.9919        |          3.04108                71.8506      
    84.0766    |        0.067          15.7535  |        76.9805        |          3.08124                71.6973      
    84.3936    |        0.06797          17.0961  |        76.9158        |          3.254                70.4935      
    84.429    |        0.06818          17.8013  |        77.1285        |          3.31642                70.8057      
    84.361    |        0.06801          17.7605  |        77.0705        |          3.32979                70.6149      

Driver Hold Time (ms) | Piston Impact Speed (m/s)
1.95  26.7299
1.9300000000000002  25.8519
1.8699999999999999  24.9213
1.82  22.9828
1.74  20.6232
1.72  19.7022
1.6700000000000002  19.0876
1.61  17.6013
0.7200000000000001  16.4743
1.52  15.5663
1.5  14.558
1.46  14.1475
1.4  12.6862
1.38  12.0402
1.31  11.3035
1.22  9.95565
1.1800000000000002  8.52676
1.16  16.6129
1.0  6.80372
0.99  3.64565
0.45  3.18509
0.92  2.34081
0.47  1.71195
0.37  1.47626
