Simulation Type = ArnoldCHT_AL
step size = 0.1
pop size = 24
p4 treatment = None
git commit = 3841291-dirty
features = al_tol_schedule=[3585, 100.0, 100, 250], psucc_sentinel_as_failure=True
time taken = 120017.31488204002
Number of generations = 500
Current Time = 2026-09-10 00:01:27
Number of individuals that produced no hold time = 0
Fixer Count = 0
****************************************************************************************************
INITIAL POPULATION:
Percent Helium |Driver Pressure (MPa) | p4 (MPa) | Throat Diameter (mm) | Reservoir Pressure (MPa) | Buffer Length (mm)
    70.4372    |        0.14213          27.3383  |        82.2004        |          7.11884                 126.16       
    75.7213    |        0.01076          4.9888  |        52.2402        |          5.015                141.569      
    86.701    |        0.07839          14.0285  |        79.167        |          7.3252                98.5791      
    98.1123    |        0.02026          3.5704  |        81.6854        |          2.12153                 50.794       
    96.618    |        0.16484          21.2749  |        77.2994        |          4.96379                 70.813       
    94.4091    |        0.02813          10.1315  |        58.2435        |          6.99952                61.6536      
    82.9031    |        0.05831          20.1388  |        84.1096        |          4.70289                104.644      
    83.2216    |        0.17771          5.21254  |        79.2281        |          4.10882                91.6061      
    89.6701    |        0.07017          22.3444  |        81.001        |          6.39151                140.726      
    71.1494    |        0.09174          35.2807  |        76.087        |          5.48717                104.769      
    76.8736    |        0.06119          7.60742  |        59.4558        |          7.43344                 114.32       
    85.5815    |        0.02725          4.25995  |        67.5165        |          5.25397                69.7732      
    75.0249    |        0.13397          18.9552  |        80.0867        |          6.19975                83.9495      
    97.487    |        0.37573          7.21878  |        77.9322        |          7.60612                127.523      
    91.5183    |        0.16831          33.7808  |        66.9498        |          7.16644                60.1622      
    91.9546    |        0.01379          7.72261  |        62.5206        |          1.86677                67.6812      
    97.3442    |        0.10907          31.9365  |        70.0847        |          6.55692                 98.258       
    86.9089    |        0.20306          11.5188  |        84.1633        |          7.97355                111.421      
    78.3501    |        0.04485          26.317  |        78.2885        |          5.62525                62.4968      
    93.7277    |        0.15132          15.2937  |        82.8431        |          5.8826                113.023      
    81.7695    |        0.00195          0.49685  |        73.5455        |          6.76072                127.004      
    99.1873    |        0.04165          23.3536  |        51.6227        |          7.81309                103.826      
    88.1887    |        0.0897          21.4951  |        71.7721        |          7.38828                68.2581      
    72.5842    |        0.0253          14.7691  |        72.1396        |          7.16771                106.285      

Driver Hold Time (ms) | Piston Impact Speed (m/s)
0.99  45.0739
0.0  245.095
0.13999999999999999  171.104
0.05  145.05
0.31  60.8752
0.08  234.162
0.09000000000000001  144.124
0.7200000000000001  35.7983
0.25999999999999995  182.527
0.21000000000000002  62.2836
0.13999999999999999  207.828
0.12999999999999998  216.364
0.27999999999999997  38.6092
0.5199999999999999  47.0515
0.0  71.8438
0.11  140.124
0.55  28.0954
0.15  18.7382
0.06999999999999999  165.858
0.32  13.5071
0.19  280.612
0.17  235.735
0.13999999999999999  102.519
0.12999999999999998  252.458

****************************************************************************************************
FINAL POPULATION:
Percent Helium | Driver Pressure (MPa) | p4 (MPa) | Throat Diameter (mm) | Reservoir Pressure (MPa) | Buffer length (mm)
    95.6255    |        0.16646          13.431  |        84.4674        |          5.75749                115.727      
    95.4908    |        0.16559          13.5267  |        84.3727        |          5.74834                 115.95       
    95.3896    |        0.1651          13.6095  |        84.3986        |          5.75084                 116.16       
    95.3192    |        0.16518          13.9472  |        83.7509        |          5.831                115.673      
    95.115    |        0.16248          14.0685  |        83.6905        |          5.8029                115.865      
    94.6861    |        0.15805          14.3136  |        82.6479        |          5.72233                  118.8        
    94.6002    |        0.15738          14.3631  |        82.2617        |          5.70035                120.619      
    94.5584    |        0.15733          14.4055  |        82.2054        |          5.69074                120.914      
    94.2613    |        0.1544          14.4908  |        80.9148        |          5.59809                123.976      
    94.1547    |        0.15372          14.6498  |        80.7129        |          5.59823                124.852      
    94.066    |        0.15346          14.7297  |        80.4542        |          5.58085                125.626      
    92.5797    |        0.14281          15.7106  |        82.3251        |          5.50395                118.325      
    92.4704    |        0.14226          15.8468  |        82.2655        |          5.52542                118.503      
    92.1746    |        0.14078          16.056  |        82.1583        |          5.52218                118.662      
    91.6096    |        0.1379          16.1754  |        81.7652        |          5.42284                119.125      
    91.2948    |        0.13623          16.4797  |        81.616        |          5.42163                119.234      
    91.1294    |        0.13576          16.721  |        81.6416        |          5.43415                119.436      
    91.0297    |        0.1336          16.8462  |        81.5629        |          5.38821                119.421      
    90.8228    |        0.13311          17.0893  |        81.4999        |          5.41593                119.705      
    90.8244    |        0.13389          17.5435  |        81.6718        |          5.54246                118.843      
    90.5931    |        0.13239          17.6959  |        81.572        |          5.52418                118.979      
    90.5264    |        0.13202          17.7319  |        81.5059        |          5.51968                119.063      
    88.8977    |        0.12483          18.0642  |        84.3164        |          5.2803                113.892      
    88.8737    |        0.12464          18.1387  |        84.3169        |          5.27681                113.886      

Driver Hold Time (ms) | Piston Impact Speed (m/s)
1.64  20.0798
1.6199999999999999  19.5457
0.91  19.178
1.59  18.6472
1.58  18.0538
1.56  15.9806
0.7699999999999999  15.2965
1.5399999999999998  14.9154
0.64  12.8184
0.5599999999999999  14.8223
1.52  11.4113
0.63  11.3692
1.34  11.2096
1.34  9.2753
0.68  9.00213
0.42000000000000004  11.9397
1.28  11.6261
1.26  12.0726
0.44  13.9908
0.42000000000000004  13.819
1.1900000000000002  7.21488
1.2  4.32216
1.2  3.29591
1.11  2.80807
