Simulation Type = ArnoldCHT_AL
step size = 0.1
pop size = 24
p4 treatment = None
git commit = 3841291-dirty
features = al_tol_schedule=[3585, 100.0, 100, 250], psucc_sentinel_as_failure=True
time taken = 123126.36224794388
Number of generations = 500
Current Time = 2026-09-08 14:41:08
Number of individuals that produced no hold time = 2
Fixer Count = 0
****************************************************************************************************
INITIAL POPULATION:
Percent Helium |Driver Pressure (MPa) | p4 (MPa) | Throat Diameter (mm) | Reservoir Pressure (MPa) | Buffer Length (mm)
    70.4372    |        0.14213          27.3383  |        82.2004        |          7.11884                 126.16       
    75.7213    |        0.01076          4.9888  |        52.2402        |          5.015                141.569      
    86.701    |        0.07839          14.0285  |        79.167        |          7.3252                98.5791      
    98.1123    |        0.02026          3.5704  |        81.6854        |          2.12153                 50.794       
    96.618    |        0.16484          21.2749  |        77.2994        |          4.96379                 70.813       
    94.4091    |        0.02813          10.1315  |        58.2435        |          6.99952                61.6536      
    82.9031    |        0.05831          20.1388  |        84.1096        |          4.70289                104.644      
    83.2216    |        0.17771          5.21254  |        79.2281        |          4.10882                91.6061      
    89.6701    |        0.07017          22.3444  |        81.001        |          6.39151                140.726      
    71.1494    |        0.09174          35.2807  |        76.087        |          5.48717                104.769      
    76.8736    |        0.06119          7.60742  |        59.4558        |          7.43344                 114.32       
    85.5815    |        0.02725          4.25995  |        67.5165        |          5.25397                69.7732      
    75.0249    |        0.13397          18.9552  |        80.0867        |          6.19975                83.9495      
    97.487    |        0.37573          7.21878  |        77.9322        |          7.60612                127.523      
    91.5183    |        0.16831          33.7808  |        66.9498        |          7.16644                60.1622      
    91.9546    |        0.01379          7.72261  |        62.5206        |          1.86677                67.6812      
    97.3442    |        0.10907          31.9365  |        70.0847        |          6.55692                 98.258       
    86.9089    |        0.20306          11.5188  |        84.1633        |          7.97355                111.421      
    78.3501    |        0.04485          26.317  |        78.2885        |          5.62525                62.4968      
    93.7277    |        0.15132          15.2937  |        82.8431        |          5.8826                113.023      
    81.7695    |        0.00195          0.49685  |        73.5455        |          6.76072                127.004      
    99.1873    |        0.04165          23.3536  |        51.6227        |          7.81309                103.826      
    88.1887    |        0.0897          21.4951  |        71.7721        |          7.38828                68.2581      
    72.5842    |        0.0253          14.7691  |        72.1396        |          7.16771                106.285      

Driver Hold Time (ms) | Piston Impact Speed (m/s)
0.0  350.0
0.0  245.095
0.13999999999999999  171.104
0.05  145.05
0.31  60.8752
0.08  234.162
0.09000000000000001  144.124
0.7200000000000001  35.7983
0.25999999999999995  182.527
0.0  350.0
0.13999999999999999  207.828
0.12999999999999998  216.364
0.27999999999999997  38.6092
0.5199999999999999  47.0515
0.0  71.8438
0.11  140.124
0.55  28.0954
0.15  18.7382
0.06999999999999999  165.858
0.32  13.5071
0.19  280.612
0.17  235.735
0.13999999999999999  102.519
0.12999999999999998  252.458

****************************************************************************************************
FINAL POPULATION:
Percent Helium | Driver Pressure (MPa) | p4 (MPa) | Throat Diameter (mm) | Reservoir Pressure (MPa) | Buffer length (mm)
    95.1191    |        0.16015          13.6636  |        79.0855        |          5.53236                127.345      
    94.5098    |        0.15645          14.1197  |        79.7359        |          5.52378                126.932      
    94.3004    |        0.15496          14.2185  |        79.7629        |          5.50136                126.726      
    92.9799    |        0.14437          15.8024  |        80.3754        |          5.58985                 128.22       
    92.9837    |        0.14448          15.8074  |        80.3681        |          5.59038                128.265      
    93.0313    |        0.14647          15.7077  |        80.3671        |          5.5893                128.583      
    93.0205    |        0.14644          15.7426  |        80.3491        |          5.58885                128.558      
    93.0093    |        0.14671          15.7351  |        80.3499        |          5.59267                128.488      
    92.9602    |        0.14641          15.8057  |        80.3396        |          5.59705                128.381      
    92.9322    |        0.14644          15.8348  |        80.2895        |          5.59858                128.441      
    92.8623    |        0.14639          16.0001  |        80.0545        |          5.62778                128.896      
    92.8537    |        0.14631          16.0277  |        80.0691        |          5.62796                128.767      
    92.7759    |        0.14603          16.1823  |        80.1235        |          5.66062                128.153      
    92.5269    |        0.14388          16.5302  |        79.5809        |          5.67232                126.994      
    92.4768    |        0.14354          16.6146  |        79.5818        |          5.68369                127.302      
    92.4769    |        0.14366          16.6263  |        79.5804        |          5.68415                127.321      
    92.4017    |        0.1435          16.726  |        79.6001        |          5.69726                127.445      
    92.1084    |        0.14089          16.92  |        79.1733        |          5.6497                126.943      
    92.0544    |        0.14069          17.0116  |        79.1199        |          5.66323                 126.97       
    91.9917    |        0.14034          17.0825  |        79.0545        |          5.66305                127.171      
    92.0128    |        0.13992          17.1363  |        78.7733        |          5.65278                 127.04       
    91.9804    |        0.13996          17.2537  |        78.8818        |          5.66992                 127.14       
    92.0258    |        0.14099          17.9054  |        78.4385        |          5.82681                129.695      
    92.0178    |        0.14095          17.9072  |        78.4306        |          5.8272                129.691      

Driver Hold Time (ms) | Piston Impact Speed (m/s)
1.6900000000000002  14.0455
1.6  12.6176
1.59  12.0844
1.42  11.3957
1.42  10.9807
0.58  8.08858
1.41  7.59084
0.7200000000000001  7.64807
0.7200000000000001  7.84228
1.41  6.95768
1.39  6.54245
1.4  6.33356
0.7  6.39139
0.7  4.9942
1.36  4.74271
1.35  4.76639
0.68  4.45895
1.34  3.66915
0.5199999999999999  7.65608
0.67  2.76729
0.55  4.72403
1.2899999999999998  5.34743
0.64  1.60082
1.27  1.00457
