Simulation Type = ArnoldCHT_AL
step size = 0.1
pop size = 24
p4 treatment = None
git commit = 89f4ebc-dirty
features = al_tol_schedule=[3585, 100.0, 100, 250], psucc_sentinel_as_failure=True
time taken = 158768.37087011337
Number of generations = 500
Current Time = 2026-09-13 23:46:10
Number of individuals that produced no hold time = 1
Fixer Count = 0
****************************************************************************************************
INITIAL POPULATION:
Percent Helium |Driver Pressure (MPa) | p4 (MPa) | Throat Diameter (mm) | Reservoir Pressure (MPa) | Buffer Length (mm)
    70.4372    |        0.14213          27.3383  |        82.2004        |          7.11884                 126.16       
    75.7213    |        0.01076          4.9888  |        52.2402        |          5.015                141.569      
    86.701    |        0.07839          14.0285  |        79.167        |          7.3252                98.5791      
    98.1123    |        0.02026          3.5704  |        81.6854        |          2.12153                 50.794       
    96.618    |        0.16484          21.2749  |        77.2994        |          4.96379                 70.813       
    94.4091    |        0.02813          10.1315  |        58.2435        |          6.99952                61.6536      
    82.9031    |        0.05831          20.1388  |        84.1096        |          4.70289                104.644      
    83.2216    |        0.17771          5.21254  |        79.2281        |          4.10882                91.6061      
    89.6701    |        0.07017          22.3444  |        81.001        |          6.39151                140.726      
    71.1494    |        0.09174          35.2807  |        76.087        |          5.48717                104.769      
    76.8736    |        0.06119          7.60742  |        59.4558        |          7.43344                 114.32       
    85.5815    |        0.02725          4.25995  |        67.5165        |          5.25397                69.7732      
    75.0249    |        0.13397          18.9552  |        80.0867        |          6.19975                83.9495      
    97.487    |        0.37573          7.21878  |        77.9322        |          7.60612                127.523      
    91.5183    |        0.16831          33.7808  |        66.9498        |          7.16644                60.1622      
    91.9546    |        0.01379          7.72261  |        62.5206        |          1.86677                67.6812      
    97.3442    |        0.10907          31.9365  |        70.0847        |          6.55692                 98.258       
    86.9089    |        0.20306          11.5188  |        84.1633        |          7.97355                111.421      
    78.3501    |        0.04485          26.317  |        78.2885        |          5.62525                62.4968      
    93.7277    |        0.15132          15.2937  |        82.8431        |          5.8826                113.023      
    81.7695    |        0.00195          0.49685  |        73.5455        |          6.76072                127.004      
    99.1873    |        0.04165          23.3536  |        51.6227        |          7.81309                103.826      
    88.1887    |        0.0897          21.4951  |        71.7721        |          7.38828                68.2581      
    72.5842    |        0.0253          14.7691  |        72.1396        |          7.16771                106.285      

Driver Hold Time (ms) | Piston Impact Speed (m/s)
0.99  45.0739
0.0  245.095
0.13999999999999999  171.104
0.05  145.05
0.31  60.8752
0.08  234.162
0.09000000000000001  144.124
0.7200000000000001  35.7983
0.25999999999999995  182.527
0.0  350.0
0.13999999999999999  207.828
0.12999999999999998  216.364
0.27999999999999997  38.6092
0.83  47.0515
0.0  71.8438
0.11  140.124
0.55  28.0954
0.42000000000000004  18.7382
0.06999999999999999  165.858
0.32  13.5071
0.19  280.612
0.17  235.735
0.13999999999999999  102.519
0.12999999999999998  252.458

****************************************************************************************************
FINAL POPULATION:
Percent Helium | Driver Pressure (MPa) | p4 (MPa) | Throat Diameter (mm) | Reservoir Pressure (MPa) | Buffer length (mm)
    94.9751    |        0.13538          11.8801  |        78.8373        |          4.38706                93.1559      
    94.6079    |        0.12646          12.3719  |        78.6598        |          4.40683                93.3999      
    93.9115    |        0.1235          12.4969  |        78.3726        |          4.32591                95.5784      
    93.7592    |        0.12212          12.8615  |        78.6088        |          4.34245                96.3146      
    93.3805    |        0.11944          12.9103  |        78.6565        |          4.30955                96.1209      
    93.2353    |        0.11883          13.0636  |        78.3341        |          4.3195                96.8235      
    93.134    |        0.11894          13.3357  |        78.2917        |          4.35979                97.7011      
    92.9712    |        0.1154          13.8336  |        78.0073        |          4.37192                97.7586      
    91.5909    |        0.10538          14.0351  |        76.1623        |          4.00623                  96.27        
    91.3316    |        0.10347          14.5055  |        76.5721        |          3.98918                100.066      
    91.6164    |        0.09739          13.1608  |        76.4683        |          3.61628                99.6194      
    91.2663    |        0.10385          14.3734  |        76.6538        |          3.91633                100.457      
    90.8475    |        0.09257          13.6013  |        76.1032        |          3.55912                 98.649       
    90.9022    |        0.09291          14.1645  |        76.1331        |          3.60541                98.5582      
    90.9277    |        0.09333          14.2611  |        76.1099        |          3.64563                98.0064      
    90.6779    |        0.0926          14.5584  |        76.1334        |          3.68181                99.4713      
    88.5774    |        0.09889          17.7524  |        77.4319        |          4.35754                99.4634      
    88.5845    |        0.09846          17.7437  |        77.4629        |          4.34757                99.4344      
    88.6564    |        0.09875          17.86  |        77.3875        |          4.34657                99.3107      
    88.5149    |        0.09847          17.8418  |        77.4419        |          4.35275                99.7691      
    93.7522    |        0.12302          12.3943  |        78.7693        |          4.28225                95.9202      
    93.3258    |        0.11864          13.1455  |        78.3601        |          4.32581                96.6417      
    91.1386    |        0.09409          13.7745  |        76.1914        |          3.62365                97.9944      
    88.529    |        0.09877          18.0345  |        77.6357        |          4.3961                99.1155      

Driver Hold Time (ms) | Piston Impact Speed (m/s)
1.58  18.692
1.33  18.9204
0.65  23.4935
0.32  16.1336
1.4300000000000002  25.0477
0.63  14.5438
0.3  18.1866
1.25  16.9992
1.3  7.96966
0.5599999999999999  14.4543
1.25  8.2496
1.07  14.3032
0.33  34.6544
0.6  48.2628
0.3  35.7323
0.49  6.0577
0.42000000000000004  0.60967
1.06  5.77475
1.06  4.02869
0.55  19.9649
1.17  19.0612
1.13  11.3021
0.5199999999999999  7.062
0.41  11.4917
