Simulation Type = ArnoldCHT_AL
step size = 0.1
pop size = 24
p4 treatment = None
git commit = 89f4ebc-dirty
features = al_tol_schedule=[3585, 100.0, 100, 250], psucc_sentinel_as_failure=True
time taken = 114523.68949437141
Number of generations = 500
Current Time = 2026-09-22 04:54:44
Number of individuals that produced no hold time = 1
Fixer Count = 0
****************************************************************************************************
INITIAL POPULATION:
Percent Helium |Driver Pressure (MPa) | p4 (MPa) | Throat Diameter (mm) | Reservoir Pressure (MPa) | Buffer Length (mm)
    70.4372    |        0.14213          27.3383  |        82.2004        |          7.11884                 126.16       
    75.7213    |        0.01076          4.9888  |        52.2402        |          5.015                141.569      
    86.701    |        0.07839          14.0285  |        79.167        |          7.3252                98.5791      
    98.1123    |        0.02026          3.5704  |        81.6854        |          2.12153                 50.794       
    96.618    |        0.16484          21.2749  |        77.2994        |          4.96379                 70.813       
    94.4091    |        0.02813          10.1315  |        58.2435        |          6.99952                61.6536      
    82.9031    |        0.05831          20.1388  |        84.1096        |          4.70289                104.644      
    83.2216    |        0.17771          5.21254  |        79.2281        |          4.10882                91.6061      
    89.6701    |        0.07017          22.3444  |        81.001        |          6.39151                140.726      
    71.1494    |        0.09174          35.2807  |        76.087        |          5.48717                104.769      
    76.8736    |        0.06119          7.60742  |        59.4558        |          7.43344                 114.32       
    85.5815    |        0.02725          4.25995  |        67.5165        |          5.25397                69.7732      
    75.0249    |        0.13397          18.9552  |        80.0867        |          6.19975                83.9495      
    97.487    |        0.37573          7.21878  |        77.9322        |          7.60612                127.523      
    91.5183    |        0.16831          33.7808  |        66.9498        |          7.16644                60.1622      
    91.9546    |        0.01379          7.72261  |        62.5206        |          1.86677                67.6812      
    97.3442    |        0.10907          31.9365  |        70.0847        |          6.55692                 98.258       
    86.9089    |        0.20306          11.5188  |        84.1633        |          7.97355                111.421      
    78.3501    |        0.04485          26.317  |        78.2885        |          5.62525                62.4968      
    93.7277    |        0.15132          15.2937  |        82.8431        |          5.8826                113.023      
    81.7695    |        0.00195          0.49685  |        73.5455        |          6.76072                127.004      
    99.1873    |        0.04165          23.3536  |        51.6227        |          7.81309                103.826      
    88.1887    |        0.0897          21.4951  |        71.7721        |          7.38828                68.2581      
    72.5842    |        0.0253          14.7691  |        72.1396        |          7.16771                106.285      

Driver Hold Time (ms) | Piston Impact Speed (m/s)
0.99  45.0739
0.0  245.095
0.13999999999999999  171.104
0.05  145.05
0.31  60.8752
0.08  234.162
0.09000000000000001  144.124
0.7200000000000001  35.7983
0.25999999999999995  182.527
0.0  350.0
0.13999999999999999  207.828
0.12999999999999998  216.364
0.27999999999999997  38.6092
0.83  47.0515
0.0  71.8438
0.11  140.124
0.55  28.0954
0.42000000000000004  18.7382
0.06999999999999999  165.858
0.32  13.5071
0.19  280.612
0.17  235.735
0.13999999999999999  102.519
0.12999999999999998  252.458

****************************************************************************************************
FINAL POPULATION:
Percent Helium | Driver Pressure (MPa) | p4 (MPa) | Throat Diameter (mm) | Reservoir Pressure (MPa) | Buffer length (mm)
    92.0116    |        0.16656          18.2238  |        84.2612        |          7.0034                125.132      
    91.982    |        0.16637          18.3263  |        84.2921        |          7.0283                125.192      
    91.9526    |        0.16623          18.3756  |        84.3059        |          7.03611                 125.26       
    91.9177    |        0.16605          18.4459  |        84.3103        |          7.0458                125.284      
    91.8852    |        0.16598          18.4967  |        84.3107        |          7.05447                125.384      
    91.6794    |        0.16462          18.71  |        84.0908        |          7.0599                125.316      
    91.6606    |        0.16459          18.735  |        84.0901        |          7.06273                 125.34       
    91.5483    |        0.16399          18.8413  |        84.1702        |          7.06478                125.523      
    91.3704    |        0.16224          19.0324  |        83.9129        |          7.06112                124.055      
    91.3631    |        0.16246          19.1195  |        83.9201        |          7.08748                124.335      
    91.3335    |        0.16225          19.1811  |        83.8943        |          7.09073                124.229      
    90.8242    |        0.16002          19.4879  |        84.4292        |          7.05405                124.951      
    90.8103    |        0.15982          19.5228  |        84.4348        |          7.0565                124.993      
    90.6645    |        0.15901          19.63  |        84.4996        |          7.04253                125.127      
    90.6458    |        0.15891          19.6688  |        84.514        |          7.04665                125.173      
    90.642    |        0.15871          19.7356  |        84.5135        |          7.04837                125.169      
    90.5569    |        0.158          19.8397  |        84.4543        |          7.05063                124.747      
    90.5497    |        0.15781          19.8739  |        84.4479        |          7.04889                124.741      
    90.3073    |        0.15682          20.0545  |        84.5497        |          7.04094                 125.19       
    90.2977    |        0.15675          20.0887  |        84.5461        |          7.04252                 125.23       
    90.1229    |        0.15716          20.3601  |        84.5172        |          7.11206                126.398      
    90.109    |        0.15712          20.4308  |        84.5283        |          7.11306                126.453      
    90.1322    |        0.15676          20.6217  |        84.5362        |          7.10771                126.567      
    90.1615    |        0.15632          20.9885  |        84.5522        |          7.10159                126.322      

Driver Hold Time (ms) | Piston Impact Speed (m/s)
1.38  7.32509
1.3699999999999999  7.15391
1.36  7.04768
1.35  6.93769
1.35  6.76173
1.34  6.00244
1.34  5.93685
1.32  5.57008
1.31  5.17667
1.31  5.01275
1.3  4.89759
1.27  3.71723
1.27  3.54946
1.26  3.15476
1.26  3.05449
1.25  2.97081
1.25  2.79433
1.24  2.67656
1.23  1.97671
1.23  1.9046
1.22  1.11249
1.21  1.03273
1.1900000000000002  0.94127
1.15  0.92384
